
 data[0] = 54.099998
 data[1] = 321.540009
 data[2] = 3214.300049
 data[3] = 1212.123047
 data[4] = 3.141590